0.000000 349 1 0 0 0
0.848777 349 1 0 0 1
1.430721 348 2 0 0 1
3.348461 347 3 0 0 1
3.554214 346 4 0 0 1
5.585817 346 4 0 0 2
5.820174 345 5 0 0 2
6.606012 345 5 0 0 3
6.813843 345 5 0 1 2
8.214628 344 6 0 1 2
9.755108 344 6 0 1 3
10.723242 343 7 0 1 3
11.097663 343 7 0 2 2
11.153853 342 8 0 2 2
13.233096 341 9 0 2 2
13.769165 340 10 0 2 2
14.682981 340 10 0 3 1
15.599588 339 11 0 3 1
15.633526 338 12 0 3 1
16.207119 337 13 0 3 1
16.809483 337 12 0 4 1
16.892262 336 13 0 4 1
17.012222 335 14 0 4 1
17.031255 335 14 0 4 2
18.729715 334 15 0 4 2
18.985426 334 14 0 5 2
19.088569 334 14 0 4 3
19.953330 334 13 0 5 3
20.298850 333 14 0 5 3
21.768624 333 14 0 6 2
22.461678 333 14 0 7 1
23.662291 332 15 0 7 1
24.007593 331 16 0 7 1
24.119955 331 16 0 7 2
24.870624 331 16 0 7 3
27.641662 330 17 0 7 3
28.439664 329 18 0 7 3
29.346492 328 19 0 7 3
29.375979 328 19 0 6 4
30.292793 327 20 0 6 4
31.284141 327 20 0 7 3
32.041617 326 21 0 7 3
32.294573 326 21 0 7 4
32.878266 326 20 0 8 4
33.175960 326 19 0 9 4
33.478533 326 19 0 10 3
33.800514 325 20 0 10 3
34.004258 325 19 0 11 3
35.897543 324 20 0 11 3
36.610245 324 20 0 11 4
36.720501 324 19 1 11 4
36.974095 324 19 1 10 5
37.286783 324 19 1 11 4
37.624335 324 19 1 11 5
39.507380 324 19 1 11 6
40.647193 324 19 1 12 5
41.316511 323 20 1 12 5
41.414094 323 20 1 13 4
41.635059 323 20 1 12 5
42.176995 323 19 2 12 5
42.356862 322 20 2 12 5
43.615258 322 20 2 11 6
44.335018 322 20 2 10 7
44.631348 322 20 2 11 6
45.508828 322 20 2 12 5
45.527608 322 20 2 12 6
46.594165 322 20 2 13 5
46.740444 322 20 2 13 6
47.212492 321 21 2 13 6
48.264795 321 21 2 12 7
48.777671 320 22 2 12 7
49.052742 319 23 2 12 7
49.083528 318 24 2 12 7
49.247703 317 25 2 12 7
50.206813 317 25 2 13 6
50.757822 317 25 2 14 5
51.092708 317 25 2 14 6
52.056770 317 25 2 15 5
52.731784 317 24 2 16 5
53.177757 316 25 2 16 5
54.050017 315 26 2 16 5
54.240477 315 26 2 15 6
54.966463 315 26 2 16 5
56.128688 315 26 2 17 4
56.422352 314 27 2 17 4
56.751540 314 27 2 18 3
57.655721 314 26 2 19 3
60.180729 314 26 2 18 4
61.564239 314 26 2 18 5
61.639613 313 27 2 18 5
61.944935 313 26 2 19 5
61.995614 313 25 3 19 5
62.217239 313 25 3 19 6
62.567464 312 26 3 19 6
63.074461 312 26 3 20 5
64.547190 311 27 3 20 5
64.721099 311 27 3 19 6
64.936876 311 27 3 20 5
64.968151 310 28 3 20 5
65.146022 310 28 3 19 6
65.890896 310 28 3 18 7
66.386112 310 27 3 19 7
66.800549 309 28 3 19 7
67.153360 309 28 3 19 8
68.229772 308 29 3 19 8
68.539442 308 29 3 19 9
69.195141 308 29 3 19 10
69.201618 308 29 3 20 9
69.878184 308 29 3 20 10
70.573964 308 29 3 20 11
70.830270 308 29 3 21 10
71.681374 308 29 3 22 9
72.301744 308 29 3 23 8
72.384850 308 29 3 22 9
72.461124 308 29 3 23 8
73.137916 308 29 3 24 7
73.139068 307 30 3 24 7
73.649166 307 29 4 24 7
73.897726 307 29 4 25 6
75.045970 306 30 4 25 6
75.912745 306 30 4 24 7
76.445996 305 31 4 24 7
76.740754 305 31 4 23 8
77.831374 305 31 4 24 7
78.512563 305 30 5 24 7
78.695134 304 31 5 24 7
78.708849 304 30 5 25 7
81.077824 304 30 5 24 8
81.393892 303 31 5 24 8
82.455819 302 32 5 24 8
82.464566 302 31 6 24 8
82.509349 301 32 6 24 8
82.816803 300 33 6 24 8
82.912999 300 32 6 25 8
82.921151 300 31 7 25 8
83.133462 300 30 7 26 8
83.180328 300 30 7 27 7
83.658747 300 30 7 28 6
84.363658 300 30 7 29 5
84.453635 300 29 8 29 5
85.174308 300 29 8 28 6
85.298414 300 29 8 28 7
85.491882 300 28 9 28 7
86.152938 299 29 9 28 7
86.943830 298 30 9 28 7
87.746227 298 29 9 29 7
88.082519 297 30 9 29 7
88.138446 297 30 9 30 6
88.226143 297 29 9 31 6
88.590394 297 28 10 31 6
89.773443 297 27 10 32 6
90.265603 296 28 10 32 6
91.208375 296 27 10 33 6
91.322673 296 26 11 33 6
91.749225 296 26 11 32 7
91.792390 295 27 11 32 7
92.041917 295 26 11 33 7
92.235791 295 26 11 34 6
92.688933 295 26 11 35 5
92.730051 294 27 11 35 5
92.835294 293 28 11 35 5
93.529175 292 29 11 35 5
94.130199 291 30 11 35 5
94.235293 291 30 11 34 6
95.275583 291 30 11 33 7
95.478519 291 30 11 32 8
95.680103 291 30 11 31 9
95.711569 291 30 11 30 10
95.861911 291 29 11 31 10
95.978910 290 30 11 31 10
96.035286 290 30 11 30 11
96.373424 290 30 11 31 10
96.643815 289 31 11 31 10
96.754686 288 32 11 31 10
96.858222 287 33 11 31 10
96.910506 287 32 12 31 10
97.537534 287 32 12 30 11
97.894603 287 31 13 30 11
98.146953 286 32 13 30 11
98.818433 286 31 14 30 11
99.054748 286 31 14 31 10
99.075935 286 31 14 30 11
100.291512 286 30 14 31 11
100.308517 286 30 14 30 12
100.462764 286 30 14 31 11
100.915312 285 31 14 31 11
101.376674 284 32 14 31 11
101.516688 284 32 14 32 10
102.055807 283 33 14 32 10
102.193500 283 33 14 33 9
102.314767 283 33 14 34 8
102.598318 283 32 15 34 8
102.926605 283 32 15 33 9
102.964069 282 33 15 33 9
103.538541 282 32 15 34 9
103.889886 282 32 15 34 10
104.375697 281 33 15 34 10
105.150508 280 34 15 34 10
105.345921 280 34 15 35 9
105.930434 280 33 16 35 9
106.883412 280 32 17 35 9
106.966004 280 31 17 36 9
107.634199 280 31 17 37 8
107.854146 280 31 17 36 9
108.374030 280 31 17 37 8
109.783640 279 32 17 37 8
109.857030 279 31 17 38 8
110.007422 279 31 17 38 9
112.121681 279 31 17 39 8
112.168975 279 30 17 40 8
113.513710 279 30 17 41 7
114.178478 279 29 17 42 7
114.262175 280 29 16 42 7
114.586372 279 30 16 42 7
115.134707 279 29 16 43 7
115.864508 278 30 16 43 7
117.109926 278 29 17 43 7
118.256989 278 29 17 44 6
118.919074 278 29 17 44 7
119.510575 277 30 17 44 7
120.169786 277 29 18 44 7
120.406759 277 29 18 45 6
120.694906 277 29 18 45 7
120.708586 277 28 18 46 7
121.047469 277 28 18 45 8
121.202261 277 28 18 44 9
121.546813 277 28 18 44 10
122.082285 277 28 18 45 9
122.312986 277 28 18 44 10
122.876179 277 27 18 45 10
122.909262 277 26 18 46 10
123.499950 277 25 19 46 10
124.556732 277 25 19 46 11
125.439108 277 24 19 47 11
125.648620 277 24 19 48 10
126.539185 277 24 19 49 9
126.899420 277 23 19 50 9
127.939677 277 23 19 51 8
128.359280 277 22 19 52 8
129.374199 277 22 19 51 9
129.522694 277 22 19 50 10
130.959418 276 23 19 50 10
131.966898 275 24 19 50 10
131.992627 275 23 20 50 10
133.025629 274 24 20 50 10
133.281064 274 24 20 51 9
133.333446 274 24 20 51 10
133.426543 274 24 20 51 11
133.433236 274 24 20 51 12
133.654593 274 24 20 52 11
134.433794 274 24 20 52 12
134.507272 274 23 21 52 12
134.682192 274 23 21 53 11
134.809569 274 23 21 54 10
135.640283 274 23 21 53 11
135.880192 274 23 21 52 12
137.331018 274 23 21 53 11
138.305960 274 23 21 53 12
138.782332 274 23 21 52 13
138.806822 273 24 21 52 13
139.131009 273 24 21 53 12
139.206354 273 23 21 54 12
139.729888 272 24 21 54 12
140.007173 272 23 21 55 12
140.545428 272 23 21 56 11
140.676280 271 24 21 56 11
141.461802 271 24 21 57 10
142.023405 271 23 22 57 10
142.914356 270 24 22 57 10
143.393812 270 23 22 58 10
143.558552 270 23 22 59 9
144.053866 270 23 22 60 8
144.183151 270 23 22 59 9
144.293773 269 24 22 59 9
144.404815 269 24 22 58 10
144.416232 269 24 22 59 9
144.813994 269 24 22 60 8
145.346736 268 25 22 60 8
145.655192 268 25 22 59 9
145.855110 268 24 23 59 9
146.944243 268 24 23 60 8
147.040275 268 24 23 61 7
147.782389 268 24 23 60 8
147.797192 268 24 23 59 9
148.235037 268 24 23 59 10
148.370154 268 23 24 59 10
148.603583 268 23 24 59 11
148.673598 267 24 24 59 11
148.910545 266 25 24 59 11
150.940492 266 25 24 59 12
151.189745 265 26 24 59 12
151.191339 265 26 24 60 11
151.383718 264 27 24 60 11
151.551148 263 28 24 60 11
151.767700 263 27 24 61 11
151.812199 263 26 25 61 11
152.536128 263 26 25 62 10
152.705210 262 27 25 62 10
153.449981 261 28 25 62 10
153.941743 260 29 25 62 10
153.952103 260 28 26 62 10
154.853547 260 27 26 63 10
155.297194 260 27 26 62 11
155.519641 260 26 26 63 11
155.526390 260 26 26 64 10
155.561249 260 26 26 64 11
155.613050 260 26 26 63 12
155.644592 260 25 27 63 12
156.298934 260 24 28 63 12
156.908344 260 24 28 63 13
156.958771 260 24 28 64 12
157.076329 260 24 28 63 13
157.714199 259 25 28 63 13
157.855238 259 25 28 62 14
158.044323 258 26 28 62 14
158.285162 258 26 28 62 15
159.100939 258 26 28 61 16
159.317266 258 26 28 62 15
159.402296 258 26 28 62 16
159.498499 258 26 28 62 17
160.224009 258 26 28 63 16
160.280084 258 26 28 64 15
161.087720 257 27 28 64 15
161.248428 257 27 28 63 16
161.405441 256 28 28 63 16
162.251734 256 28 28 64 15
162.297857 255 29 28 64 15
162.481514 255 28 29 64 15
163.683602 255 28 29 63 16
163.697550 255 28 29 62 17
164.894941 255 28 29 63 16
164.973504 255 28 29 64 15
165.103038 255 28 29 65 14
165.233976 255 27 30 65 14
166.949760 255 26 31 65 14
167.072023 255 26 31 64 15
167.119803 255 26 31 65 14
167.167124 255 25 31 66 14
167.882149 255 24 31 67 14
168.765072 255 24 31 68 13
169.226625 255 24 31 69 12
169.260724 255 24 31 69 13
169.805949 255 24 31 70 12
169.884543 255 23 31 71 12
169.950092 255 23 31 72 11
170.597256 255 23 31 73 10
171.171675 254 24 31 73 10
171.456280 254 23 32 73 10
171.743278 254 23 32 72 11
172.397897 254 23 32 71 12
172.561779 254 23 32 72 11
173.161782 253 24 32 72 11
173.595254 253 24 32 71 12
173.878054 253 24 32 70 13
174.043978 253 24 32 71 12
174.412297 253 24 32 72 11
175.475800 253 24 32 73 10
175.525723 253 24 32 72 11
175.547318 252 25 32 72 11
175.934878 252 25 32 73 10
177.211806 252 24 33 73 10
177.263049 252 24 33 72 11
177.763318 252 24 33 73 10
177.919567 252 24 33 72 11
177.948487 252 24 33 73 10
178.353083 252 24 33 74 9
178.385415 252 24 33 75 8
178.890637 252 23 33 76 8
179.606669 253 23 32 76 8
179.839661 253 23 32 76 9
180.223550 253 23 32 75 10
180.554761 253 23 32 76 9
181.175908 253 22 33 76 9
181.202421 253 22 33 75 10
181.554099 253 21 34 75 10
182.296385 253 21 34 74 11
182.499758 253 21 34 73 12
183.102390 253 21 34 74 11
183.171178 252 22 34 74 11
183.638876 251 23 34 74 11
184.548222 251 23 34 75 10
184.671172 250 24 34 75 10
185.786890 250 24 34 74 11
185.975643 250 23 34 75 11
186.328299 249 24 34 75 11
186.965321 249 24 34 76 10
187.234927 249 24 34 75 11
188.584848 248 25 34 75 11
189.166924 247 26 34 75 11
189.269903 246 27 34 75 11
190.059819 245 28 34 75 11
190.147204 245 28 34 76 10
191.191832 245 27 34 77 10
191.758875 245 27 34 77 11
192.090873 244 28 34 77 11
192.286232 244 28 34 76 12
192.533323 244 28 34 76 13
193.073954 244 28 34 75 14
193.383515 244 28 34 76 13
193.453700 244 28 34 77 12
193.704819 244 27 34 78 12
194.015770 243 28 34 78 12
194.053988 243 28 34 77 13
194.844884 243 28 34 76 14
195.034624 243 27 34 77 14
195.324582 243 26 35 77 14
195.480108 243 26 35 78 13
195.490072 244 26 34 78 13
195.585110 244 26 34 79 12
196.218955 244 26 34 78 13
196.228125 244 26 34 78 14
196.441870 244 26 34 77 15
197.782333 244 26 34 76 16
197.880080 244 26 34 76 17
198.083218 244 25 34 77 17
198.586277 244 25 34 76 18
198.698224 244 25 34 75 19
198.728139 244 25 34 76 18
199.322327 244 25 34 75 19
199.562116 244 25 34 76 18
200.101197 244 24 34 77 18
200.119571 244 24 34 78 17
200.193141 244 24 34 77 18
200.311669 244 24 34 77 19
200.515935 244 24 34 78 18
200.812795 244 24 34 77 19
201.176589 244 24 34 78 18
201.486697 243 25 34 78 18
201.616047 243 25 34 79 17
201.864707 243 25 34 78 18
201.899634 242 26 34 78 18
202.335997 241 27 34 78 18
203.235801 241 27 34 77 19
203.541036 240 28 34 77 19
203.651685 240 27 35 77 19
203.975821 240 26 35 78 19
203.984099 240 26 35 77 20
204.360543 241 26 34 77 20
204.580677 241 26 34 78 19
205.625509 240 27 34 78 19
206.095705 240 26 34 79 19
206.381088 240 25 35 79 19
206.589787 240 25 35 80 18
207.035518 240 25 35 81 17
207.491153 240 25 35 82 16
207.524018 240 25 35 81 17
208.405960 239 26 35 81 17
208.594824 239 25 35 82 17
208.992765 239 25 35 81 18
209.293691 239 24 35 82 18
209.300054 239 24 35 82 19
209.497156 239 24 35 83 18
209.722788 239 24 35 82 19
209.976798 239 24 35 81 20
210.089462 239 24 35 81 21
210.125961 239 24 35 80 22
210.444620 239 24 35 80 23
210.610866 239 24 35 80 24
210.614659 239 24 35 81 23
210.780921 239 24 35 82 22
211.157476 239 24 35 83 21
211.190469 239 24 35 84 20
211.722563 239 23 36 84 20
212.156405 239 23 36 85 19
212.286787 239 23 36 86 18
212.329272 239 23 36 87 17
212.544224 239 23 36 86 18
212.921189 239 23 36 85 19
213.033498 239 23 36 84 20
213.073236 240 23 35 84 20
213.286001 240 22 35 85 20
213.952020 240 21 36 85 20
214.676884 240 20 36 86 20
214.751459 240 20 36 87 19
214.801267 240 20 36 88 18
216.519904 240 20 36 87 19
216.578569 240 20 36 87 20
216.592271 240 20 36 88 19
216.609282 240 20 36 89 18
216.797423 239 21 36 89 18
216.976986 239 20 36 90 18
217.095104 239 19 37 90 18
217.312151 239 19 37 91 17
217.747864 239 19 37 92 16
218.028932 238 20 37 92 16
218.509238 237 21 37 92 16
218.688416 237 21 37 93 15
219.202776 237 21 37 92 16
219.231866 237 21 37 93 15
220.058720 237 20 37 94 15
220.083044 236 21 37 94 15
220.407676 236 21 37 94 16
220.469274 236 21 37 95 15
222.359619 236 20 37 96 15
223.099744 236 20 37 97 14
223.621776 236 19 37 98 14
224.373123 235 20 37 98 14
224.376130 234 21 37 98 14
224.640985 234 20 38 98 14
225.253137 233 21 38 98 14
225.478672 233 21 38 97 15
225.740570 232 22 38 97 15
225.865157 232 22 38 96 16
225.883699 232 22 38 97 15
226.560227 232 22 38 98 14
226.596043 232 22 38 97 15
226.773339 232 22 38 98 14
226.778684 231 23 38 98 14
227.078443 231 23 38 97 15
227.113432 231 23 38 97 16
227.766952 231 22 38 98 16
228.115821 231 22 38 97 17
228.248534 231 22 38 96 18
228.498960 231 22 38 97 17
228.503375 230 23 38 97 17
228.523275 230 22 39 97 17
229.353382 230 21 39 98 17
229.459848 230 21 39 97 18
229.553753 230 21 39 98 17
229.713552 230 21 39 97 18
230.783066 230 21 39 98 17
231.174660 230 21 39 97 18
231.187359 230 21 39 96 19
231.239587 230 21 39 95 20
231.986032 230 21 39 94 21
232.833159 230 21 39 94 22
232.953423 230 21 39 95 21
233.411388 230 21 39 94 22
234.877238 230 21 39 93 23
235.384465 229 22 39 93 23
235.387422 229 22 39 94 22
235.805107 229 22 39 95 21
235.902217 228 23 39 95 21
235.943359 227 24 39 95 21
235.954489 226 25 39 95 21
236.219283 226 25 39 94 22
236.228737 225 26 39 94 22
236.265559 225 26 39 95 21
237.027063 225 25 39 96 21
237.429331 225 25 39 97 20
237.438433 225 24 39 98 20
237.519819 225 23 39 99 20
238.657992 225 23 39 98 21
239.169601 225 23 39 97 22
239.457149 225 23 39 98 21
240.226238 225 23 39 99 20
240.261256 225 23 39 100 19
240.261789 225 22 40 100 19
240.459266 225 22 40 99 20
240.852177 225 22 40 99 21
241.079802 225 22 40 98 22
241.134325 225 22 40 97 23
241.304529 225 22 40 98 22
241.394468 225 22 40 99 21
241.700003 225 22 40 100 20
242.864320 225 22 40 101 19
242.907663 225 22 40 101 20
242.930674 224 23 40 101 20
243.919110 224 23 40 102 19
243.933372 224 23 40 101 20
244.038570 224 23 40 100 21
244.350815 224 23 40 99 22
245.365952 224 23 40 100 21
246.024277 224 22 41 100 21
246.067420 224 22 41 101 20
246.192819 224 22 41 100 21
246.407564 224 21 41 101 21
246.467391 224 21 41 100 22
246.913683 224 21 41 99 23
247.095947 224 21 41 98 24
247.554670 224 20 42 98 24
247.732117 224 19 43 98 24
247.969769 224 19 43 97 25
248.883626 224 19 43 97 26
248.975767 224 19 43 97 27
249.179488 224 19 43 97 28
249.415683 224 19 43 98 27
249.489176 224 19 43 97 28
249.525542 223 20 43 97 28
249.940053 223 19 43 98 28
250.105555 223 19 43 99 27
250.566474 223 19 43 100 26
250.812083 223 19 43 99 27
251.134980 224 19 42 99 27
251.458515 224 19 42 98 28
251.774822 224 19 42 97 29
251.904285 224 19 42 96 30
251.958446 224 19 42 97 29
252.076988 224 19 42 98 28
252.136023 224 19 42 97 29
252.235475 224 19 42 98 28
252.288444 225 19 41 98 28
253.252781 225 19 41 99 27
253.464544 225 19 41 99 28
254.011747 225 19 41 100 27
254.043440 225 19 41 101 26
254.067211 224 20 41 101 26
254.150780 224 20 41 100 27
254.287176 224 20 41 101 26
254.341552 224 20 41 102 25
254.659397 224 20 41 101 26
254.865993 224 20 41 102 25
254.980457 224 20 41 101 26
255.008033 224 20 41 102 25
255.033424 224 20 41 101 26
255.049306 224 19 41 102 26
255.486363 224 19 41 101 27
255.926781 224 19 41 101 28
256.039353 224 19 41 102 27
256.429889 224 19 41 103 26
256.579537 224 18 41 104 26
256.944009 224 18 41 104 27
257.388008 224 18 41 105 26
257.570533 224 18 41 106 25
257.837433 224 18 41 107 24
257.852242 224 18 41 106 25
257.960438 224 17 41 107 25
258.552401 224 17 41 106 26
258.571007 224 16 42 106 26
259.008428 224 16 42 105 27
259.025400 224 16 42 104 28
259.231765 224 16 42 105 27
259.317187 223 17 42 105 27
259.335622 223 17 42 104 28
260.293661 223 17 42 105 27
260.462857 223 17 42 106 26
261.018793 223 17 42 107 25
261.484712 223 17 42 106 26
261.933318 223 17 42 105 27
262.163682 223 17 42 104 28
262.376378 223 17 42 105 27
262.947837 223 17 42 104 28
263.000710 223 17 42 104 29
263.043599 223 17 42 103 30
263.043847 223 17 42 102 31
263.113202 223 17 42 101 32
263.214239 223 17 42 102 31
263.248996 223 17 42 103 30
263.325391 224 17 41 103 30
263.885198 224 17 41 104 29
263.903879 224 17 41 105 28
264.606798 224 17 41 106 27
264.826204 224 17 41 105 28
265.051060 224 17 41 104 29
265.072489 224 17 41 105 28
265.136763 223 18 41 105 28
265.722953 223 18 41 106 27
265.922155 223 18 41 107 26
266.157852 222 19 41 107 26
266.630403 222 19 41 108 25
266.988733 222 18 42 108 25
267.474538 222 18 42 107 26
267.717613 222 17 43 107 26
268.022468 222 17 43 108 25
268.065125 222 17 43 107 26
269.022238 222 17 43 108 25
269.146680 221 18 43 108 25
269.580649 221 18 43 109 24
269.813958 221 18 43 110 23
270.107089 220 19 43 110 23
270.684743 220 19 43 109 24
270.891888 220 19 43 110 23
270.943653 220 19 43 111 22
271.477509 220 19 43 110 23
271.501011 220 19 43 111 22
271.937425 220 19 43 112 21
273.315139 220 19 43 111 22
273.351638 220 19 43 110 23
274.455586 220 19 43 111 22
274.811226 220 19 43 112 21
275.078223 220 19 43 111 22
275.462117 220 19 43 110 23
275.683173 220 19 43 109 24
275.778638 220 19 43 110 23
276.036094 220 19 43 111 22
276.174606 220 19 43 112 21
276.528726 220 19 43 111 22
276.690212 220 19 43 112 21
276.693089 220 19 43 113 20
277.138858 220 19 43 112 21
277.332900 219 20 43 112 21
277.481562 219 19 43 113 21
278.171912 219 19 43 114 20
278.463950 219 19 43 113 21
279.078109 219 19 43 114 20
279.217272 219 19 43 115 19
279.949130 219 19 43 116 18
280.549760 219 19 43 115 19
280.680264 219 19 43 116 18
280.987898 219 19 43 115 19
281.467393 218 20 43 115 19
281.747701 218 20 43 116 18
282.033956 218 20 43 115 19
282.103524 218 20 43 116 18
282.266340 218 20 43 115 19
282.586334 218 20 43 116 18
283.163038 218 20 43 117 17
283.217473 218 20 43 118 16
283.264613 218 20 43 117 17
283.410118 218 19 43 118 17
284.038202 218 19 43 117 18
284.517049 218 19 43 116 19
285.004020 218 19 43 115 20
285.152022 218 18 44 115 20
285.175731 218 18 44 114 21
286.159071 218 18 44 115 20
286.196842 218 18 44 116 19
286.425711 218 18 44 116 20
286.657230 218 18 44 117 19
286.662013 218 18 44 118 18
287.704802 218 18 44 117 19
287.889271 218 18 44 117 20
288.790946 218 18 44 118 19
288.848786 218 18 44 117 20
288.916617 218 17 44 118 20
290.118400 218 16 45 118 20
290.275966 218 16 45 117 21
290.818426 218 16 45 118 20
290.890370 218 15 46 118 20
291.114331 217 16 46 118 20
291.579231 217 16 46 117 21
291.583971 217 16 46 116 22
291.761668 216 17 46 116 22
291.956433 216 17 46 115 23
291.990816 216 17 46 116 22
292.282914 216 17 46 117 21
292.542259 216 17 46 118 20
292.634545 216 17 46 119 19
292.756917 215 18 46 119 19
292.919697 214 19 46 119 19
293.204628 214 19 46 118 20
293.471225 214 19 46 117 21
294.860414 214 19 46 116 22
295.131741 214 19 46 117 21
295.222306 214 19 46 116 22
295.773705 214 19 46 117 21
295.967283 214 19 46 116 22
296.174321 214 19 46 117 21
296.204454 214 19 46 118 20
296.222689 214 18 46 119 20
296.563869 214 18 46 118 21
297.181080 214 18 46 117 22
297.235140 213 19 46 117 22
297.340819 213 19 46 118 21
297.772531 213 19 46 117 22
297.792420 213 19 46 118 21
298.466690 213 19 46 117 22
298.635432 213 18 46 118 22
298.795557 213 18 46 117 23
298.873740 213 18 46 116 24
299.096356 213 18 46 115 25
299.168373 213 18 46 114 26
299.205490 213 18 46 115 25
299.351753 213 18 46 114 26
299.472700 212 19 46 114 26
299.684105 212 19 46 114 27
300.189215 212 19 46 115 26
300.420407 211 20 46 115 26
300.600280 211 20 46 114 27
300.935106 211 20 46 113 28
301.392916 211 20 46 114 27
301.582289 210 21 46 114 27
301.674055 210 21 46 113 28
302.018696 210 21 46 114 27
302.360619 210 21 46 115 26
302.465207 210 21 46 116 25
302.555281 209 22 46 116 25
302.838009 209 22 46 115 26
302.854056 209 22 46 116 25
303.155151 208 23 46 116 25
303.295472 207 24 46 116 25
303.318910 207 24 46 115 26
303.883990 207 24 46 114 27
303.951419 207 23 46 115 27
303.957841 207 23 46 114 28
304.344833 208 23 45 114 28
304.749621 208 22 45 115 28
304.798847 208 21 45 116 28
305.154383 208 20 46 116 28
305.241603 208 20 46 117 27
305.243911 208 20 46 116 28
305.654486 208 20 46 117 27
305.867721 208 20 46 116 28
306.069445 208 20 46 115 29
306.153808 208 20 46 114 30
306.475825 208 20 46 115 29
307.018816 208 19 47 115 29
307.040007 207 20 47 115 29
307.123952 207 20 47 116 28
307.296549 207 20 47 115 29
307.365084 207 20 47 114 30
307.401374 207 20 47 113 31
307.495579 207 20 47 114 30
308.155347 207 20 47 115 29
308.457923 207 20 47 116 28
309.974702 207 20 47 117 27
310.644770 207 20 47 118 26
311.093761 207 20 47 118 27
311.197182 207 20 47 117 28
311.429629 207 20 47 116 29
311.480989 207 20 47 117 28
311.770150 207 20 47 118 27
311.939823 207 20 47 119 26
312.553250 207 20 47 118 27
312.722191 207 20 47 119 26
313.299361 207 20 47 120 25
314.498311 207 20 47 121 24
314.670513 207 20 47 120 25
314.710069 207 20 47 121 24
314.962391 207 20 47 120 25
315.050220 207 20 47 121 24
315.721121 207 20 47 120 25
315.952126 207 20 47 119 26
315.955562 207 20 47 118 27
316.019577 207 20 47 119 26
316.384003 207 20 47 118 27
316.486603 206 21 47 118 27
316.689298 206 21 47 119 26
316.969489 206 20 47 120 26
317.030991 206 20 47 121 25
317.366907 206 20 47 122 24
317.726193 206 20 47 123 23
318.474789 207 20 46 123 23
318.485389 206 21 46 123 23
318.507866 206 21 46 122 24
318.609637 206 21 46 123 23
318.711141 206 21 46 124 22
318.726234 206 20 47 124 22
319.251571 206 20 47 123 23
319.454463 206 19 48 123 23
320.006222 206 19 48 122 24
320.023329 206 19 48 121 25
320.042307 206 19 48 120 26
320.257263 206 18 48 121 26
320.315822 206 17 49 121 26
320.394075 206 17 49 122 25
320.956727 206 16 50 122 25
321.179416 206 16 50 121 26
321.196019 206 16 50 122 25
321.305456 206 15 50 123 25
321.318237 206 15 50 122 26
321.374927 206 15 50 121 27
321.535014 205 16 50 121 27
322.205890 205 16 50 122 26
322.373702 205 16 50 121 27
322.383261 205 16 50 122 26
322.720517 205 16 50 123 25
323.248806 205 16 50 122 26
323.399068 205 15 51 122 26
323.608057 204 16 51 122 26
323.703320 204 16 51 121 27
324.026669 204 16 51 122 26
324.340589 204 15 51 123 26
324.398988 203 16 51 123 26
324.492188 203 16 51 124 25
324.668906 203 16 51 123 26
325.193707 204 16 50 123 26
325.737281 203 17 50 123 26
326.438282 203 17 50 122 27
326.519870 203 17 50 121 28
326.633639 202 18 50 121 28
326.806425 202 18 50 120 29
326.915445 201 19 50 120 29
327.461651 201 19 50 119 30
327.751047 201 19 50 120 29
327.770542 201 19 50 121 28
328.255640 202 19 49 121 28
328.403957 202 19 49 122 27
328.417104 202 19 49 122 28
328.574577 202 19 49 123 27
328.632371 201 20 49 123 27
329.052782 201 20 49 124 26
329.360481 201 19 49 125 26
330.117501 201 19 49 125 27
330.608768 201 19 49 124 28
330.610792 201 19 49 125 27
330.660215 201 19 49 124 28
331.401033 201 19 49 125 27
331.419271 201 19 49 124 28
331.426622 200 20 49 124 28
331.505486 200 20 49 125 27
332.164432 200 20 49 126 26
332.544679 200 20 49 127 25
332.582193 200 20 49 127 26
332.666406 200 20 49 126 27
332.692999 200 19 49 127 27
332.879628 200 19 49 126 28
332.998667 200 19 49 125 29
333.306298 200 19 49 124 30
333.677474 200 19 49 123 31
333.729404 200 19 49 122 32
333.869081 200 19 49 121 33
333.900506 200 19 49 120 34
334.197535 200 19 49 120 35
334.269824 200 19 49 119 36
334.500008 199 20 49 119 36
334.599820 199 20 49 120 35
334.635098 199 20 49 119 36
334.678075 199 20 49 120 35
335.379961 199 20 49 119 36
336.041535 198 21 49 119 36
336.420188 198 21 49 118 37
337.077399 198 21 49 118 38
337.385985 198 21 49 119 37
337.441978 198 21 49 120 36
337.800203 198 21 49 121 35
337.874563 198 21 49 122 34
338.047901 197 22 49 122 34
338.090897 197 22 49 123 33
338.463131 197 22 49 124 32
338.593971 197 22 49 125 31
338.799895 197 22 49 126 30
338.830574 197 22 49 127 29
339.508079 197 22 49 127 30
339.752335 197 22 49 128 29
339.848529 197 22 49 129 28
339.878074 197 22 49 128 29
340.363010 197 22 49 129 28
340.587645 197 22 49 130 27
340.981186 197 21 49 131 27
341.211637 197 21 49 130 28
341.582446 197 21 49 129 29
342.072016 197 21 49 128 30
342.253545 197 21 49 129 29
342.372227 197 21 49 128 30
342.566600 197 21 49 129 29
342.588931 197 21 49 128 30
342.865449 197 20 50 128 30
343.541078 197 20 50 127 31
343.682872 197 20 50 128 30
343.965136 197 19 50 129 30
344.099441 197 18 51 129 30
344.220561 197 18 51 128 31
344.469793 197 18 51 127 32
344.597305 197 18 51 128 31
344.737175 197 18 51 129 30
344.928642 197 18 51 128 31
345.393258 197 18 51 129 30
345.508381 197 18 51 130 29
345.599993 197 18 51 131 28
345.860095 197 17 52 131 28
346.198327 197 16 52 132 28
346.817780 196 17 52 132 28
347.016085 195 18 52 132 28
347.116432 195 18 52 131 29
347.391863 195 18 52 132 28
347.587351 195 18 52 132 29
347.615209 195 18 52 131 30
347.744853 195 18 52 130 31
347.869140 194 19 52 130 31
348.318592 194 19 52 131 30
348.481703 194 19 52 130 31
348.516228 194 19 52 131 30
348.593817 194 19 52 130 31
348.711515 194 19 52 129 32
348.815323 194 19 52 130 31
349.392574 194 19 52 131 30
349.886537 193 20 52 131 30
350.644990 193 19 52 132 30
350.945901 193 19 52 133 29
351.325378 193 18 52 134 29
351.339776 193 18 52 133 30
351.719481 193 18 52 134 29
351.756070 193 18 52 133 30
352.223313 193 18 52 132 31
352.293515 193 18 52 133 30
352.774451 193 17 52 134 30
353.010125 193 17 52 135 29
353.207912 193 17 52 134 30
353.424175 193 17 52 135 29
353.586726 193 17 52 134 30
354.122153 193 17 52 135 29
354.532077 192 18 52 135 29
355.196343 192 18 52 136 28
355.341356 192 18 52 137 27
355.576563 192 18 52 136 28
356.643855 192 18 52 137 27
356.778269 192 18 52 136 28
356.879220 192 18 52 137 27
356.889097 191 19 52 137 27
357.034335 191 19 52 137 28
357.355343 191 19 52 138 27
357.675871 191 19 52 139 26
357.902006 191 19 52 140 25
358.071132 191 19 52 141 24
358.181728 191 19 52 140 25
358.258373 191 19 52 141 24
358.641551 191 19 52 142 23
358.760108 191 19 52 143 22
359.193565 191 19 52 142 23
359.230995 191 19 52 143 22
359.241656 191 19 52 144 21
359.433679 191 19 52 143 22
359.730923 191 18 53 143 22
359.810483 191 18 53 142 23
360.169019 191 18 53 141 24
360.318815 191 18 53 140 25
360.464774 191 18 53 141 24
360.686622 191 18 53 140 25
360.968324 191 18 53 141 24
361.072705 191 18 53 142 23
361.154343 191 18 53 143 22
361.811010 191 18 53 144 21
362.014760 192 18 52 144 21
362.210633 192 17 52 145 21
362.368661 192 16 53 145 21
362.703277 192 16 53 144 22
362.874039 192 16 53 143 23
363.285776 192 16 53 142 24
363.414973 192 16 53 141 25
363.418208 192 16 53 140 26
363.822769 193 16 52 140 26
364.393623 193 16 52 141 25
364.570930 193 15 52 142 25
364.924418 193 15 52 143 24
365.310590 192 16 52 143 24
365.896743 192 16 52 142 25
365.917393 192 16 52 142 26
366.137407 192 16 52 141 27
366.433817 192 16 52 140 28
366.530085 192 16 52 139 29
367.075901 192 15 52 140 29
367.285833 191 16 52 140 29
367.547685 191 16 52 141 28
367.673748 192 16 51 141 28
368.082843 193 16 50 141 28
368.252104 193 16 50 140 29
368.445119 193 16 50 139 30
368.492718 193 16 50 140 29
368.612082 193 16 50 139 30
368.740402 193 16 50 140 29
369.027422 193 16 50 139 30
369.443485 193 16 50 140 29
369.483564 193 16 50 139 30
370.211437 193 15 51 139 30
370.388763 194 15 50 139 30
370.769703 194 15 50 138 31
370.862085 194 15 50 139 30
371.140425 194 15 50 140 29
371.164658 194 15 50 140 30
371.415690 194 15 50 141 29
371.423094 194 15 50 140 30
371.933720 193 16 50 140 30
372.016236 193 16 50 141 29
372.178489 193 15 50 142 29
372.824502 192 16 50 142 29
372.857443 191 17 50 142 29
373.557412 191 17 50 141 30
373.675522 192 17 49 141 30
373.943429 191 18 49 141 30
374.374759 191 18 49 142 29
374.393579 191 17 49 143 29
374.409779 191 17 49 142 30
374.565784 191 17 49 141 31
374.802043 190 18 49 141 31
375.080911 190 18 49 140 32
375.618775 190 18 49 139 33
375.723793 190 18 49 139 34
375.936150 190 18 49 138 35
376.258956 190 18 49 137 36
376.308940 189 19 49 137 36
377.194929 189 19 49 138 35
377.532544 189 19 49 137 36
378.755682 189 19 49 136 37
378.860523 189 19 49 135 38
379.077357 189 19 49 136 37
379.720782 189 19 49 137 36
379.854203 189 19 49 136 37
380.058614 189 19 49 137 36
380.132403 189 19 49 138 35
380.213077 189 18 50 138 35
380.626368 190 18 49 138 35
380.807806 190 18 49 137 36
380.899934 190 18 49 138 35
381.043655 190 18 49 139 34
381.124902 190 18 49 140 33
381.259503 190 18 49 141 32
381.701040 189 19 49 141 32
382.460498 189 19 49 140 33
382.620451 189 19 49 141 32
382.667483 189 19 49 142 31
382.690753 189 19 49 143 30
382.709204 189 19 49 144 29
383.057815 189 19 49 145 28
383.364178 189 19 49 146 27
383.610064 189 19 49 147 26
383.984172 189 19 49 146 27
384.258794 189 19 49 145 28
384.387291 189 19 49 144 29
384.894339 189 19 49 143 30
385.817867 189 19 49 142 31
385.883758 188 20 49 142 31
386.181953 188 20 49 141 32
386.184521 187 21 49 141 32
386.235950 187 21 49 142 31
386.668414 187 21 49 141 32
386.702140 187 21 49 140 33
386.812714 187 21 49 140 34
387.172056 187 21 49 141 33
387.333261 186 22 49 141 33
387.393747 186 22 49 142 32
387.490774 186 22 49 142 33
387.528492 186 22 49 143 32
387.583085 186 21 49 144 32
387.627968 186 21 49 145 31
387.973102 186 20 50 145 31
388.282434 186 20 50 146 30
388.458437 186 20 50 145 31
388.545415 186 20 50 146 30
389.006501 186 19 51 146 30
389.096630 186 19 51 145 31
389.298869 186 19 51 144 32
389.719753 185 20 51 144 32
389.770029 185 20 51 145 31
390.009549 185 19 51 146 31
390.143139 185 19 51 145 32
390.580088 185 19 51 146 31
390.968082 186 19 50 146 31
391.196083 186 19 50 145 32
391.635652 186 19 50 144 33
391.887047 185 20 50 144 33
392.095551 185 20 50 143 34
392.112497 185 20 50 144 33
392.114809 185 20 50 145 32
392.174911 185 20 50 144 33
392.216520 185 20 50 144 34
392.403104 185 20 50 145 33
392.539135 185 20 50 144 34
392.937464 185 20 50 145 33
393.006345 185 20 50 144 34
393.456269 185 20 50 145 33
393.743642 185 20 50 144 34
393.804141 185 20 50 145 33
393.812625 185 20 50 144 34
393.851815 185 20 50 143 35
394.116558 185 20 50 142 36
394.230400 185 20 50 141 37
394.326391 185 20 50 140 38
394.436868 185 20 50 141 37
394.684389 185 20 50 141 38
394.870044 185 20 50 140 39
394.950493 185 20 50 141 38
395.093165 185 20 50 142 37
395.117635 185 20 50 141 38
395.123000 185 20 50 142 37
395.617561 185 20 50 143 36
396.230312 185 20 50 144 35
396.419787 185 20 50 143 36
396.593327 185 20 50 144 35
396.924641 186 20 49 144 35
396.966310 186 20 49 143 36
398.059348 186 20 49 144 35
398.539128 186 20 49 143 36
398.831030 186 20 49 142 37
398.937859 186 20 49 141 38
399.137169 186 20 49 140 39
399.332272 186 20 49 139 40
399.450260 186 20 49 140 39
399.478106 186 20 49 141 38
399.673602 186 20 49 140 39
399.888647 186 20 49 139 40
400.121958 186 20 49 138 41
400.273315 186 19 49 139 41
400.884260 186 19 49 140 40
401.187406 186 19 49 139 41
401.262410 186 19 49 140 40
401.388638 186 19 49 140 41
401.444416 186 19 49 139 42
401.451329 186 19 49 140 41
401.700250 186 19 49 141 40
401.854304 186 19 49 142 39
401.915442 186 19 49 143 38
401.939495 186 19 49 142 39
401.953023 186 19 49 141 40
402.296033 186 19 49 140 41
402.345964 186 19 49 141 40
403.172047 186 19 49 142 39
403.571773 186 19 49 143 38
403.695594 186 19 49 144 37
403.979023 186 19 49 145 36
404.673013 186 19 49 144 37
404.702926 187 19 48 144 37
404.805573 187 18 49 144 37
405.162634 187 18 49 145 36
405.296251 187 18 49 145 37
405.676815 187 18 49 146 36
405.990303 187 18 49 147 35
406.464199 187 18 49 146 36
407.220089 186 19 49 146 36
407.282170 186 19 49 147 35
407.307746 186 19 49 148 34
407.401906 186 18 50 148 34
407.738276 186 18 50 149 33
409.746434 186 18 50 150 32
410.069253 185 19 50 150 32
410.194319 185 19 50 149 33
411.175203 185 18 51 149 33
411.831078 185 18 51 150 32
411.889635 185 18 51 149 33
412.042301 185 18 51 148 34
412.204417 184 19 51 148 34
412.448377 184 19 51 147 35
412.566431 184 19 51 148 34
412.712236 184 19 51 147 35
412.784481 184 18 51 148 35
413.341400 184 18 51 147 36
413.432240 184 18 51 146 37
413.667930 184 18 51 147 36
413.708118 184 18 51 148 35
414.309466 184 18 51 149 34
414.574714 185 18 50 149 34
414.683090 184 19 50 149 34
414.908610 184 19 50 148 35
414.993556 184 19 50 149 34
415.141715 184 19 50 148 35
415.376889 183 20 50 148 35
415.489638 183 20 50 147 36
415.722360 183 20 50 146 37
415.812545 183 20 50 147 36
416.056026 183 20 50 148 35
416.264710 183 20 50 149 34
416.281009 183 20 50 148 35
416.307477 183 20 50 147 36
416.319010 183 20 50 146 37
416.722617 183 20 50 145 38
416.993918 183 19 51 145 38
417.031097 183 19 51 144 39
417.471812 183 19 51 143 40
417.502633 183 19 51 142 41
418.129822 183 19 51 143 40
418.243962 183 19 51 142 41
418.463307 183 19 51 141 42
418.830208 183 19 51 140 43
419.243898 183 19 51 139 44
419.473909 183 19 51 140 43
419.985038 183 19 51 139 44
420.212618 183 19 51 138 45
420.324419 183 19 51 139 44
420.382619 184 19 50 139 44
420.424438 184 19 50 139 45
420.434635 184 19 50 140 44
420.601323 184 19 50 139 45
420.921213 184 19 50 138 46
420.939526 184 19 50 138 47
420.982226 184 19 50 137 48
421.007183 184 19 50 136 49
421.020689 183 20 50 136 49
421.032002 183 19 50 137 49
421.307749 183 19 50 138 48
421.410326 183 19 50 139 47
421.420223 183 19 50 140 46
421.674478 183 19 50 139 47
422.127713 183 19 50 138 48
422.363155 183 19 50 139 47
422.438906 183 19 50 140 46
422.516067 183 19 50 139 47
422.664683 183 19 50 139 48
422.908926 183 19 50 138 49
422.927554 183 19 50 137 50
422.952961 183 19 50 138 49
423.705106 182 20 50 138 49
423.799280 182 20 50 139 48
423.974951 182 20 50 140 47
424.235420 182 20 50 141 46
424.711840 182 20 50 142 45
425.028821 182 20 50 143 44
425.191975 182 20 50 142 45
425.228398 181 21 50 142 45
425.436012 181 21 50 143 44
425.612578 181 21 50 142 45
425.672797 181 21 50 143 44
425.708892 181 21 50 144 43
425.979218 181 21 50 145 42
426.380423 181 21 50 144 43
426.525412 181 21 50 145 42
426.981007 181 21 50 144 43
427.432836 181 21 50 145 42
427.516701 181 21 50 146 41
428.734484 181 21 50 145 42
428.739620 181 21 50 144 43
428.799620 181 21 50 145 42
428.996087 181 21 50 146 41
429.392662 181 21 50 145 42
429.467113 181 21 50 144 43
429.703541 181 21 50 145 42
430.071933 181 21 50 146 41
430.268169 181 21 50 147 40
430.492259 181 20 51 147 40
430.827090 181 20 51 148 39
431.109323 181 20 51 149 38
431.411281 181 20 51 150 37
431.477294 181 20 51 151 36
431.489707 181 20 51 150 37
431.684593 181 20 51 149 38
431.841389 182 20 50 149 38
431.876392 182 20 50 150 37
432.120851 182 20 50 151 36
432.582288 182 20 50 152 35
433.128010 182 20 50 153 34
434.002741 182 20 50 152 35
434.116121 182 20 50 153 34
434.360723 183 20 49 153 34
434.447852 183 20 49 154 33
434.603654 183 20 49 155 32
434.767487 183 20 49 154 33
435.049314 183 19 50 154 33
435.215281 183 19 50 155 32
435.334788 183 19 50 155 33
435.825531 183 19 50 154 34
435.972551 183 19 50 155 33
436.042122 183 19 50 156 32
436.056897 183 19 50 156 33
436.263012 183 19 50 157 32
436.658167 183 19 50 156 33
437.124273 183 19 50 155 34
437.397454 182 20 50 155 34
437.542872 182 19 50 156 34
437.580773 182 19 50 157 33
437.787568 182 19 50 158 32
438.342102 182 19 50 157 33
438.346721 182 19 50 158 32
438.677067 182 19 50 157 33
439.000576 182 19 50 158 32
439.143231 182 18 50 159 32
439.279294 182 18 50 160 31
439.360305 181 19 50 160 31
439.646980 181 19 50 161 30
439.956890 181 19 50 160 31
440.395724 181 19 50 159 32
441.438364 181 19 50 158 33
441.798742 181 19 50 159 32
441.826448 181 19 50 160 31
441.835875 181 19 50 159 32
442.033432 181 19 50 158 33
442.088827 181 19 50 157 34
442.163202 181 19 50 158 33
442.284752 181 18 50 159 33
442.500614 181 18 50 158 34
442.545547 181 18 50 157 35
442.826758 181 18 50 156 36
443.068162 181 18 50 157 35
443.419512 180 19 50 157 35
444.027635 180 19 50 156 36
444.041365 180 19 50 155 37
444.243976 180 19 50 154 38
444.567771 180 19 50 153 39
444.590205 180 19 50 152 40
444.675596 180 19 50 153 39
444.736988 179 20 50 153 39
444.933014 179 20 50 152 40
445.520361 179 20 50 153 39
445.652058 179 20 50 154 38
446.062974 179 20 50 155 37
446.518074 179 19 50 156 37
446.779356 178 20 50 156 37
447.165077 178 19 50 157 37
447.319524 178 18 50 158 37
447.323522 178 18 50 157 38
447.837973 178 18 50 156 39
448.197521 178 18 50 155 40
448.233751 178 17 50 156 40
448.340584 178 17 50 157 39
448.691942 178 17 50 158 38
448.698475 178 17 50 159 37
448.820409 178 17 50 158 38
450.105697 178 17 50 159 37
450.653051 178 17 50 158 38
450.857582 178 17 50 159 37
451.067175 178 17 50 158 38
451.320283 178 16 51 158 38
451.457026 178 15 51 159 38
451.698588 177 16 51 159 38
451.802179 177 16 51 160 37
452.052760 177 16 51 161 36
452.255704 177 16 51 160 37
452.267205 177 16 51 161 36
452.308599 177 16 51 160 37
452.615760 176 17 51 160 37
453.857198 176 17 51 161 36
454.009532 176 16 51 162 36
454.325076 176 16 51 161 37
454.388429 176 16 51 162 36
454.437383 176 16 51 163 35
454.444459 176 16 51 162 36
454.494279 175 17 51 162 36
454.518665 175 17 51 163 35
454.757282 175 17 51 164 34
455.182728 175 17 51 163 35
455.335460 175 17 51 162 36
455.838395 175 17 51 163 35
455.979989 175 17 51 162 36
456.275563 175 17 51 162 37
456.296103 175 16 51 163 37
456.503609 175 16 51 164 36
456.522233 175 16 51 164 37
457.063293 174 17 51 164 37
457.153970 174 17 51 165 36
457.206772 174 17 51 164 37
457.211423 174 17 51 165 36
457.543846 174 17 51 166 35
458.021062 174 17 51 165 36
458.063501 174 17 51 165 37
458.703664 174 17 51 164 38
459.068886 174 17 51 165 37
460.366577 174 17 51 166 36
460.599904 173 18 51 166 36
460.605077 172 19 51 166 36
460.976052 172 19 51 165 37
461.701188 172 19 51 166 36
461.790279 172 19 51 167 35
461.850763 172 19 51 168 34
461.930126 172 19 51 169 33
462.284277 172 19 51 168 34
462.295259 172 19 51 167 35
462.365186 172 19 51 166 36
462.400000 172 19 51 165 37
462.518163 172 19 51 166 36
462.606528 172 19 51 165 37
462.799295 172 19 51 164 38
463.033123 171 20 51 164 38
463.171082 171 20 51 163 39
463.238828 171 20 51 162 40
463.283894 171 20 51 163 39
463.483287 170 21 51 163 39
463.514971 170 20 51 164 39
463.632431 170 20 51 165 38
464.508136 170 20 51 164 39
465.012321 170 20 51 165 38
465.426422 170 20 51 164 39
465.591864 170 20 51 163 40
465.690888 170 20 51 162 41
465.939214 170 20 51 163 40
466.379557 170 20 51 162 41
466.696105 170 20 51 161 42
467.161953 170 20 51 162 41
467.395698 170 20 51 161 42
467.895557 169 21 51 161 42
467.919947 168 22 51 161 42
468.023356 168 21 51 162 42
468.109970 168 21 51 163 41
468.278444 168 21 51 162 42
468.320647 168 21 51 161 43
468.908373 169 21 50 161 43
469.102359 169 21 50 160 44
469.173402 169 21 50 160 45
469.215440 169 21 50 159 46
469.317789 169 21 50 160 45
469.569411 169 21 50 159 46
469.664043 169 21 50 160 45
469.801899 169 21 50 161 44
469.854610 169 20 51 161 44
470.060745 169 20 51 162 43
470.370095 169 20 51 161 44
470.427534 169 20 51 162 43
470.551694 169 20 51 161 44
470.580078 169 20 51 160 45
470.972354 169 20 51 159 46
471.447272 169 20 51 160 45
471.501391 169 20 51 159 46
471.631927 169 20 51 160 45
471.644987 168 21 51 160 45
471.654951 168 21 51 159 46
471.682411 168 20 51 160 46
471.695817 168 20 51 161 45
471.854939 168 20 51 161 46
472.075255 168 20 51 161 47
472.649439 168 20 51 160 48
472.715415 168 20 51 159 49
473.352548 168 20 51 158 50
473.382879 168 20 51 157 51
473.442810 168 20 51 156 52
473.771159 168 20 51 155 53
473.894321 168 20 51 154 54
474.171530 168 20 51 153 55
474.247814 168 20 51 152 56
474.334609 168 20 51 151 57
474.592488 168 20 51 150 58
474.615067 167 21 51 150 58
474.854923 167 21 51 151 57
475.137159 167 21 51 152 56
475.179033 167 21 51 153 55
475.421236 167 21 51 153 56
475.888820 167 21 51 152 57
475.894194 167 21 51 151 58
475.911911 166 22 51 151 58
476.371886 166 22 51 150 59
476.465280 166 21 51 151 59
476.594153 166 21 51 150 60
477.093513 166 21 51 151 59
477.290666 167 21 50 151 59
477.604676 167 21 50 152 58
477.671135 167 21 50 151 59
478.229294 167 21 50 150 60
478.455804 167 21 50 151 59
478.912164 167 21 50 152 58
479.147155 167 21 50 151 59
479.210408 167 21 50 150 60
479.624879 167 21 50 151 59
479.641755 167 21 50 150 60
479.796729 167 21 50 149 61
479.834546 166 22 50 149 61
480.103665 166 22 50 150 60
480.447756 166 22 50 151 59
480.532390 165 23 50 151 59
480.778666 165 23 50 150 60
481.055285 165 23 50 149 61
481.092181 165 23 50 150 60
481.211415 165 22 50 151 60
481.626364 164 23 50 151 60
481.763412 164 22 51 151 60
481.825822 164 22 51 152 59
481.832785 164 22 51 151 60
481.898587 164 22 51 150 61
482.383779 163 23 51 150 61
482.421962 163 23 51 149 62
482.769084 163 23 51 150 61
482.924480 163 22 52 150 61
483.034634 163 22 52 149 62
483.144409 163 22 52 148 63
483.196309 162 23 52 148 63
483.232921 162 23 52 147 64
483.419505 162 23 52 148 63
483.521437 162 22 53 148 63
483.579100 162 22 53 147 64
483.897179 162 22 53 146 65
483.960569 162 22 53 147 64
484.053967 161 23 53 147 64
484.179575 161 23 53 147 65
484.710595 161 23 53 146 66
484.812177 161 23 53 147 65
485.011759 161 23 53 146 66
485.260150 161 23 53 145 67
485.537137 161 23 53 146 66
485.643945 161 23 53 146 67
485.732665 161 22 53 147 67
485.740260 161 22 53 148 66
486.034003 161 22 53 147 67
486.068383 161 22 53 148 66
486.100931 161 22 53 147 67
486.226051 161 22 53 148 66
486.364882 161 22 53 149 65
486.467875 161 22 53 148 66
486.595988 161 22 53 149 65
486.961425 161 22 53 150 64
487.160744 161 22 53 151 63
487.167406 161 22 53 152 62
487.203573 161 22 53 151 63
487.268633 161 22 53 152 62
487.498742 161 22 53 153 61
487.769171 161 22 53 154 60
487.923921 161 22 53 155 59
488.251490 161 22 53 156 58
488.276207 161 22 53 157 57
488.557478 161 22 53 158 56
488.688461 161 22 53 157 57
488.724740 161 22 53 156 58
488.758921 161 22 53 157 57
488.944975 161 22 53 158 56
489.016244 161 22 53 159 55
489.191900 161 22 53 160 54
489.298270 160 23 53 160 54
489.472565 160 23 53 161 53
489.745471 160 23 53 162 52
489.750088 160 23 53 161 53
489.979743 160 23 53 160 54
490.878751 160 23 53 161 53
490.957766 160 23 53 162 52
491.007220 160 23 53 161 53
491.164218 160 23 53 162 52
491.295024 160 23 53 163 51
491.405358 160 23 53 164 50
491.416718 160 23 53 165 49
491.419771 160 23 53 164 50
491.656141 160 23 53 165 49
491.873673 160 23 53 166 48
492.211765 160 23 53 167 47
492.237280 160 23 53 166 48
492.284782 160 23 53 167 47
492.482992 160 23 53 168 46
493.287614 160 23 53 169 45
493.896696 160 23 53 170 44
493.981403 160 23 53 169 45
494.031454 160 22 53 170 45
494.046639 160 22 53 171 44
494.212469 160 22 53 172 43
494.213187 160 22 53 171 44
494.309201 160 22 53 172 43
494.370749 160 22 53 171 44
494.467674 160 22 53 170 45
494.531217 159 23 53 170 45
494.967602 159 22 54 170 45
495.325280 159 22 54 169 46
495.447005 159 22 54 170 45
495.556862 159 22 54 169 46
496.233673 159 22 54 170 45
496.362181 159 22 54 169 46
496.416743 159 21 55 169 46
496.696811 159 21 55 170 45
497.028372 159 21 55 171 44
497.091246 159 21 55 172 43
497.150473 159 21 55 173 42
497.222482 158 22 55 173 42
497.339189 158 22 55 172 43
497.631962 158 22 55 171 44
497.706164 158 22 55 170 45
497.845581 158 22 55 169 46
498.591669 158 22 55 170 45
499.200398 158 22 55 169 46
499.409614 158 22 55 168 47
499.414457 158 22 55 167 48
499.537957 158 22 55 166 49
500.076765 158 22 55 165 50